<?xml version="1.0"?>
<opencv_storage>
<calibration_time>"Sat 17 Oct 2015 06:09:36 AM PDT"</calibration_time>
<nr_of_frames>10</nr_of_frames>
<image_width>640</image_width>
<image_height>480</image_height>
<board_width>8</board_width>
<board_height>6</board_height>
<square_size>50.</square_size>
<fix_aspect_ratio>1.</fix_aspect_ratio>
<!-- flags: +fix_aspectRatio +fix_principal_point +zero_tangent_dist -->
<flags>6158</flags>
<camera_matrix type_id="opencv-matrix">
  <rows>3</rows>
  <cols>3</cols>
  <dt>d</dt>
  <data>
    8.2431365508523002e-01 0. 4.0627737640136871e+02 0.
    5.2218769450547188e+02 2.3302590430003275e+02 0. 0. 1.</data></camera_matrix>
<distortion_coefficients type_id="opencv-matrix">
  <rows>5</rows>
  <cols>1</cols>
  <dt>d</dt>
  <data>
    1.9288372463418663e-02 2.4126795713222949e-02
    -1.7344045735331510e-03 6.3687716232152950e-03
    -4.2566266141639428e-02</data></distortion_coefficients>
<avg_reprojection_error>1.3810570892437494e+02</avg_reprojection_error>
<per_view_reprojection_errors type_id="opencv-matrix">
  <rows>10</rows>
  <cols>1</cols>
  <dt>f</dt>
  <data>
    9.29087296e+01 1.18208549e+02 1.79263611e+02 1.14638245e+02
    6.86184235e+01 5.31276970e+01 3.76950951e+01 1.08847069e+02
    2.45587585e+02 2.04294647e+02</data></per_view_reprojection_errors>
<extrinsic_parameters type_id="opencv-matrix">
  <rows>10</rows>
  <cols>6</cols>
  <dt>d</dt>
  <data>
    3.2952254161456918e-02 7.6576478694297137e-02
    -1.2414910233088900e-02 -2.8441615418801456e+02
    3.9336092392563231e+01 8.8978272869622333e+02
    -2.2363535129327521e-02 2.9229937080775689e-02
    2.8007262967550239e-02 -3.5820003952434877e+02
    -1.5187873351384670e+01 9.7716539607912364e+02
    9.1662385555514193e-03 1.4194789123237208e-02 4.3073906056307856e-02
    -5.3541124482145676e+02 1.6635430386970029e+02
    1.1221026875442924e+03 -3.3737839155699369e-02
    1.3183416197235445e-01 2.4410415033585686e-01 1.1185249120764541e+02
    -3.9285974635798698e+02 1.3061511332383923e+03
    4.5661496423189347e-02 6.1205485146549099e-01 2.3674613556718019e-01
    1.7925268454000602e+01 -1.9862052116910297e+02
    1.3826970520755613e+03 -1.3146027398735421e-02
    4.7202824583787835e-02 5.1986229013412460e-02
    -9.2752639852353340e+01 -2.1262509090953671e+02
    1.3764716097690070e+03 2.2286120195707723e-01
    -9.0727136239644257e-01 -5.8432640183835295e-02
    -1.5731827328460508e+02 -1.8703237032907984e+02
    1.1834728866480766e+03 -1.4167008853014540e-01
    1.0101331630111791e-01 -5.0389423023837580e-03
    -1.1819515281818789e+00 -1.4091468093811531e+02
    1.0552130021126975e+03 -7.3354314548329620e-03
    4.8401918618176647e-03 -7.1746258812863367e-02
    -5.1228548697234100e+02 -1.7985222291916637e+02
    7.4566234230393809e+02 -6.6649692350714357e-02
    -3.2053986568314893e-03 -8.4998480704455343e-02
    -5.8356467510440825e+02 -1.8570103337173390e+02
    1.0728189259328926e+03</data></extrinsic_parameters>
<image_points type_id="opencv-matrix">
  <rows>10</rows>
  <cols>48</cols>
  <dt>"2f"</dt>
  <data>
    2.38346024e+02 2.56663055e+02 2.67292969e+02 2.56484711e+02
    2.96278442e+02 2.56064056e+02 3.25480682e+02 2.55801071e+02
    3.55115021e+02 2.55267685e+02 3.84859283e+02 2.54812012e+02
    4.15265808e+02 2.54611557e+02 4.45884613e+02 2.54027191e+02
    2.38894028e+02 2.85434235e+02 2.67754150e+02 2.85148773e+02
    2.97071259e+02 2.85209473e+02 3.25960876e+02 2.84891083e+02
    3.55432037e+02 2.84845062e+02 3.85663239e+02 2.84671051e+02
    4.15763397e+02 2.84591431e+02 4.46208710e+02 2.84605652e+02
    2.40091003e+02 3.14477325e+02 2.68560059e+02 3.14495300e+02
    2.97460968e+02 3.14254425e+02 3.26442810e+02 3.14485138e+02
    3.55993347e+02 3.14439392e+02 3.85939758e+02 3.14574341e+02
    4.16194580e+02 3.14822845e+02 4.46687012e+02 3.14760620e+02
    2.40531891e+02 3.43019775e+02 2.69061279e+02 3.43021881e+02
    2.98224426e+02 3.43200165e+02 3.27121765e+02 3.43574005e+02
    3.56547546e+02 3.43803253e+02 3.86673706e+02 3.44280579e+02
    4.16949585e+02 3.44442108e+02 4.47205902e+02 3.44641632e+02
    2.41192169e+02 3.71660034e+02 2.69564880e+02 3.72179077e+02
    2.98572479e+02 3.72517670e+02 3.27706696e+02 3.72625366e+02
    3.57128113e+02 3.73104675e+02 3.87131317e+02 3.73470795e+02
    4.17473755e+02 3.73881683e+02 4.47763580e+02 3.74420319e+02
    2.41762482e+02 4.00704468e+02 2.69916077e+02 4.01333313e+02
    2.99193146e+02 4.01534210e+02 3.28429779e+02 4.02187256e+02
    3.57611694e+02 4.02474579e+02 3.87500732e+02 4.03499756e+02
    4.17600952e+02 4.04057800e+02 4.48009857e+02 4.04638062e+02
    2.13384903e+02 2.24297882e+02 2.40409927e+02 2.25220642e+02
    2.66950195e+02 2.26058090e+02 2.93872559e+02 2.26945511e+02
    3.20736847e+02 2.27571884e+02 3.47475800e+02 2.28486481e+02
    3.74193359e+02 2.29236191e+02 4.01296722e+02 2.29875687e+02
    2.12596008e+02 2.51336487e+02 2.39329880e+02 2.52171539e+02
    2.65900726e+02 2.52974960e+02 2.92931213e+02 2.53521942e+02
    3.19728912e+02 2.54432419e+02 3.46653931e+02 2.55483505e+02
    3.73445709e+02 2.56318176e+02 4.00515106e+02 2.56938690e+02
    2.11585175e+02 2.77936279e+02 2.38525513e+02 2.78825043e+02
    2.65494629e+02 2.79857025e+02 2.91912598e+02 2.80871185e+02
    3.18837524e+02 2.81602203e+02 3.45974243e+02 2.82582458e+02
    3.72673401e+02 2.83462585e+02 3.99727509e+02 2.84185944e+02
    2.10647400e+02 3.05203247e+02 2.37479630e+02 3.06190308e+02
    2.64431152e+02 3.07039551e+02 2.91389008e+02 3.07725891e+02
    3.17883881e+02 3.08375214e+02 3.45346527e+02 3.09701996e+02
    3.71925476e+02 3.10350616e+02 3.99086426e+02 3.11222809e+02
    2.09800308e+02 3.32010681e+02 2.36571976e+02 3.32713623e+02
    2.63660522e+02 3.33794495e+02 2.90524170e+02 3.34433228e+02
    3.17328857e+02 3.35836029e+02 3.44169739e+02 3.36165863e+02
    3.71397919e+02 3.37458405e+02 3.98088562e+02 3.38451752e+02
    2.08845352e+02 3.58834564e+02 2.35671661e+02 3.59922760e+02
    2.62617981e+02 3.61012604e+02 2.89653656e+02 3.61916931e+02
    3.16561615e+02 3.62967499e+02 3.43329834e+02 3.63903168e+02
    3.70498291e+02 3.64745270e+02 3.97545288e+02 3.65864258e+02
    1.55683014e+02 3.10019714e+02 1.78694107e+02 3.11383453e+02
    2.02377731e+02 3.12543823e+02 2.25550400e+02 3.13315735e+02
    2.48744888e+02 3.14395935e+02 2.72319275e+02 3.15235107e+02
    2.95771027e+02 3.16392151e+02 3.18946838e+02 3.17352203e+02
    1.54592178e+02 3.33648926e+02 1.77897003e+02 3.34079834e+02
    2.01233307e+02 3.35421356e+02 2.24657944e+02 3.36841248e+02
    2.47997986e+02 3.37713165e+02 2.71168182e+02 3.38667664e+02
    2.94662720e+02 3.39683777e+02 3.18122070e+02 3.40925903e+02
    1.53678238e+02 3.56661926e+02 1.76784119e+02 3.57566559e+02
    2.00253235e+02 3.58782288e+02 2.23280899e+02 3.59913757e+02
    2.46835464e+02 3.61042389e+02 2.70006683e+02 3.62034729e+02
    2.93596100e+02 3.63001312e+02 3.17280060e+02 3.63767639e+02
    1.52925858e+02 3.79898682e+02 1.76661499e+02 3.80872467e+02
    1.99362320e+02 3.81843567e+02 2.22910126e+02 3.82729004e+02
    2.46105148e+02 3.84152252e+02 2.69447388e+02 3.85410400e+02
    2.92620209e+02 3.86302795e+02 3.15992279e+02 3.87553467e+02
    1.52183594e+02 4.02975922e+02 1.75332230e+02 4.03717590e+02
    1.98355698e+02 4.04809418e+02 2.21612701e+02 4.06093811e+02
    2.44977859e+02 4.07424316e+02 2.68136810e+02 4.08551361e+02
    2.91565979e+02 4.09975250e+02 3.14942444e+02 4.10773895e+02
    1.51096436e+02 4.26072998e+02 1.74325623e+02 4.27286011e+02
    1.97546738e+02 4.27929779e+02 2.21219498e+02 4.29270477e+02
    2.43930740e+02 4.30542725e+02 2.67566254e+02 4.31698853e+02
    2.90507843e+02 4.32993286e+02 3.14313416e+02 4.34095673e+02
    4.52187714e+02 7.54342194e+01 4.71712799e+02 7.91747055e+01
    4.92030609e+02 8.30241241e+01 5.12456665e+02 8.69521942e+01
    5.32978271e+02 9.08012466e+01 5.54102356e+02 9.51787262e+01
    5.74868347e+02 9.91965866e+01 5.96458984e+02 1.03398964e+02
