<?xml version="1.0"?>
<opencv_storage>
<calibration_time>"Mon 19 Oct 2015 02:23:53 PM PDT"</calibration_time>
<nr_of_frames>11</nr_of_frames>
<image_width>640</image_width>
<image_height>480</image_height>
<board_width>8</board_width>
<board_height>6</board_height>
<square_size>50.</square_size>
<fix_aspect_ratio>1.</fix_aspect_ratio>
<!-- flags: +fix_aspectRatio +fix_principal_point +zero_tangent_dist -->
<flags>6158</flags>
<camera_matrix type_id="opencv-matrix">
  <rows>3</rows>
  <cols>3</cols>
  <dt>d</dt>
  <data>
    1.1960887094716584e+00 0. 2.1075131023032617e+02 0.
    7.2775733353925568e+02 2.1799588995967505e+02 0. 0. 1.</data></camera_matrix>
<distortion_coefficients type_id="opencv-matrix">
  <rows>5</rows>
  <cols>1</cols>
  <dt>d</dt>
  <data>
    2.0665832460903363e-01 -1.4942242500534644e+00
    4.7619733208904891e-02 -5.4868846742824606e-02
    2.2815168740987000e+00</data></distortion_coefficients>
<avg_reprojection_error>1.6452285392296565e+02</avg_reprojection_error>
<per_view_reprojection_errors type_id="opencv-matrix">
  <rows>11</rows>
  <cols>1</cols>
  <dt>f</dt>
  <data>
    2.36859024e+02 1.46286575e+02 1.55547714e+02 8.92705002e+01
    1.22847847e+02 2.31888733e+02 2.68084381e+02 6.36816521e+01
    7.53963165e+01 7.99624710e+01 1.76669250e+02</data></per_view_reprojection_errors>
<extrinsic_parameters type_id="opencv-matrix">
  <rows>11</rows>
  <cols>6</cols>
  <dt>d</dt>
  <data>
    -4.5073593021096170e-01 -1.3196272357309777e-01
    1.2442247409511697e-02 2.5951264259487596e+02
    -1.5349921236755273e+02 1.3975940036430004e+03
    -5.8185674758171890e-01 1.2352349142468852e-01
    -4.5475789215634659e-02 4.6385074905814825e+01
    -8.6762422136881526e+01 1.3522296739076103e+03
    -5.3266115068389508e-01 2.9996460515024170e-01
    3.6066731811204726e-02 8.8314546550495962e+01 1.5871457635659249e+01
    1.4037044504108401e+03 -3.2725890105012806e-01
    3.5672719803602682e-01 -1.6378340151445896e-02
    -6.7942934379077670e+01 -1.1052494500639568e+02
    1.3135482733725830e+03 -3.7301016851304197e-01
    2.6456291768490847e-01 -7.6021647643102958e-02
    -6.9530400175520901e-01 6.0160736779392799e+01
    1.3522727827456908e+03 -3.8572806365355955e-01
    1.7379359469309402e-01 6.0766370786642501e-02 1.7882450762877451e+02
    -3.0808537636489557e+01 1.2088879386935141e+03
    -5.7820038371739346e-01 -1.4901855766148414e-01
    1.7719096439002099e-01 4.7349018424606123e+02 1.4054678414246291e+02
    1.7787586301258493e+03 -2.3482405360167663e-01
    1.6075270842579104e-01 1.5372792154588197e-01
    -1.3885267632921364e+02 -1.1848889508317868e+02
    1.4198696374297656e+03 -5.9029829253628818e-01
    2.9018127133272542e-01 4.2054872111537141e-02
    -2.4635599505920132e+02 -5.8995695009364475e+01
    1.6058018801537951e+03 -4.8441257252504460e-01
    2.5636165630805113e-01 -5.2854245645671365e-02
    -1.4234899853269525e+02 1.9337811932242577e+01
    1.2022450774541671e+03 -5.2951670273781926e-01
    1.5576386169185724e-01 -8.8132508574845461e-02
    7.1496471228331274e+01 -7.2164525842916860e-01
    1.2394836902005029e+03</data></extrinsic_parameters>
<image_points type_id="opencv-matrix">
  <rows>11</rows>
  <cols>48</cols>
  <dt>"2f"</dt>
  <data>
    3.47959747e+02 1.39821198e+02 3.72480804e+02 1.42981369e+02
    3.96078735e+02 1.46259888e+02 4.19502594e+02 1.48842163e+02
    4.42489990e+02 1.51374924e+02 4.65073700e+02 1.53504181e+02
    4.86754517e+02 1.56189865e+02 5.07888245e+02 1.58476807e+02
    3.51025452e+02 1.62201569e+02 3.76102509e+02 1.65008102e+02
    4.00030029e+02 1.67738251e+02 4.23791626e+02 1.70375122e+02
    4.47239319e+02 1.72333603e+02 4.69949829e+02 1.74454269e+02
    4.92353394e+02 1.76676743e+02 5.14346313e+02 1.78469345e+02
    3.54475922e+02 1.84850662e+02 3.79902466e+02 1.87352875e+02
    4.04368256e+02 1.89820053e+02 4.28500183e+02 1.92145203e+02
    4.52244171e+02 1.94076523e+02 4.75413422e+02 1.95869690e+02
    4.98195435e+02 1.97699860e+02 5.20369812e+02 1.99487518e+02
    3.57808502e+02 2.08912338e+02 3.84064392e+02 2.10705536e+02
    4.09095215e+02 2.12540070e+02 4.33647491e+02 2.14673645e+02
    4.57423492e+02 2.16711075e+02 4.81052826e+02 2.18320129e+02
    5.03866577e+02 2.20082199e+02 5.25993530e+02 2.21981735e+02
    3.60916534e+02 2.34327194e+02 3.87509094e+02 2.35654358e+02
    4.13069366e+02 2.37271683e+02 4.38222198e+02 2.38686768e+02
    4.62472961e+02 2.40497604e+02 4.86018463e+02 2.42021118e+02
    5.09227234e+02 2.43693237e+02 5.31279724e+02 2.45515839e+02
    3.63901184e+02 2.60762543e+02 3.90906982e+02 2.61786407e+02
    4.16644196e+02 2.63206329e+02 4.42146332e+02 2.64503296e+02
    4.66819946e+02 2.65568542e+02 4.90800659e+02 2.67057556e+02
    5.14249878e+02 2.68342102e+02 5.37021118e+02 2.69681152e+02
    2.36179306e+02 1.76306503e+02 2.64094299e+02 1.73497879e+02
    2.91853699e+02 1.70794403e+02 3.19430389e+02 1.68384445e+02
    3.46764313e+02 1.66315613e+02 3.74178101e+02 1.64291153e+02
    4.00923492e+02 1.62251328e+02 4.27766052e+02 1.60832825e+02
    2.36937607e+02 1.95051880e+02 2.65397339e+02 1.91607025e+02
    2.94184021e+02 1.89151932e+02 3.22502075e+02 1.87185242e+02
    3.50574921e+02 1.85121735e+02 3.78652954e+02 1.83616974e+02
    4.05959106e+02 1.82141235e+02 4.33500336e+02 1.81087875e+02
    2.37379471e+02 2.14343430e+02 2.67167267e+02 2.11951981e+02
    2.96602020e+02 2.10169067e+02 3.25684784e+02 2.08554001e+02
    3.54572784e+02 2.07045105e+02 3.83324280e+02 2.05330841e+02
    4.11162292e+02 2.04019730e+02 4.39200806e+02 2.02977615e+02
    2.38355423e+02 2.37427902e+02 2.68890961e+02 2.35629272e+02
    2.99163055e+02 2.34051422e+02 3.29043182e+02 2.32706589e+02
    3.58418091e+02 2.31207153e+02 3.87794312e+02 2.29733322e+02
    4.16237762e+02 2.28433960e+02 4.44725159e+02 2.27396133e+02
    2.39610077e+02 2.64013763e+02 2.70701141e+02 2.62270203e+02
    3.01769714e+02 2.60592438e+02 3.32101105e+02 2.59080200e+02
    3.62303528e+02 2.57543884e+02 3.92003357e+02 2.56199005e+02
    4.21012817e+02 2.54819702e+02 4.50040955e+02 2.53585678e+02
    2.41113739e+02 2.93621338e+02 2.72707764e+02 2.91595032e+02
    3.04241913e+02 2.89420532e+02 3.35361755e+02 2.87600433e+02
    3.65689972e+02 2.86134979e+02 3.96108368e+02 2.84674683e+02
    4.25484161e+02 2.83126495e+02 4.55170685e+02 2.81549316e+02
    2.58911560e+02 2.27765045e+02 2.85232483e+02 2.26394241e+02
    3.11588806e+02 2.25092133e+02 3.38579865e+02 2.23494492e+02
    3.65680023e+02 2.21991898e+02 3.93309631e+02 2.21012619e+02
    4.21182495e+02 2.21299942e+02 4.48829346e+02 2.21218735e+02
    2.56305328e+02 2.50025421e+02 2.83241791e+02 2.48742035e+02
    3.10163269e+02 2.47306076e+02 3.37813232e+02 2.45958740e+02
    3.65636597e+02 2.46076385e+02 3.93629425e+02 2.46553314e+02
    4.21749756e+02 2.46886292e+02 4.49965210e+02 2.47321747e+02
    2.53611542e+02 2.73705353e+02 2.81262909e+02 2.72539948e+02
    3.08828949e+02 2.71391907e+02 3.37383820e+02 2.71311249e+02
    3.65702026e+02 2.71584503e+02 3.94338470e+02 2.71995544e+02
    4.22923859e+02 2.72513062e+02 4.51572357e+02 2.73004578e+02
    2.51204987e+02 2.99134491e+02 2.79426239e+02 2.97949188e+02
    3.07703156e+02 2.97254150e+02 3.36926086e+02 2.97313690e+02
    3.65766937e+02 2.97656860e+02 3.94875824e+02 2.98314789e+02
    4.24300354e+02 2.98556519e+02 4.53537140e+02 2.99271576e+02
    2.48785095e+02 3.25523712e+02 2.77569427e+02 3.24785675e+02
    3.06596619e+02 3.24556061e+02 3.36307526e+02 3.24259552e+02
    3.65965027e+02 3.24510498e+02 3.95655426e+02 3.24724518e+02
    4.25784851e+02 3.25235413e+02 4.55747345e+02 3.25912598e+02
    2.46290329e+02 3.53509369e+02 2.75879425e+02 3.53252625e+02
    3.05515076e+02 3.53229645e+02 3.35703583e+02 3.52990112e+02
    3.66024872e+02 3.53017700e+02 3.96587067e+02 3.53186890e+02
    4.27458496e+02 3.53453644e+02 4.58372009e+02 3.53745667e+02
    1.72376099e+02 1.58932739e+02 1.99623444e+02 1.55652069e+02
    2.27515427e+02 1.53445038e+02 2.54216736e+02 1.49640610e+02
